   T   ,  Sig_Np, Rate# ,   Pct_Np,      CumPct,        SigT,      E:SNR0438 ,   Sig,        SigCalc
 5.31469e+04, 1.02037e-05,  1 , 1.09788e-09, 7.67313e-11 , 3.11700e-01, -1.06875e+00, 8.73824e+05, 8.71696e+05
 4.62139e+04, 3.71142e-05,  2 , 3.99335e-09, 4.32559e-10 , 5.19500e-01,  4.77031e-01, 8.47728e+05, 8.48678e+05
 4.01852e+04, 5.26795e-05,  3 , 5.66812e-09, 1.10780e-09 , 7.27300e-01,  1.51865e+00, 8.28145e+05, 8.31169e+05
 3.49430e+04, 7.37549e-05,  4 , 7.93575e-09, 2.05858e-09 , 9.35100e-01, -1.00559e+00, 8.18809e+05, 8.16806e+05
 3.03846e+04, 8.98367e-05,  5 , 9.66609e-09, 3.28878e-09 , 1.14290e+00,  7.16071e-01, 8.02960e+05, 8.04386e+05
 2.64209e+04, 1.02959e-04,  6 , 1.10780e-08, 4.73859e-09 , 1.35070e+00, -1.23972e+00, 7.95713e+05, 7.93245e+05
 2.29743e+04, 1.12728e-04,  7 , 1.21291e-08, 6.36055e-09 , 1.55850e+00,  8.79258e-01, 7.81243e+05, 7.82994e+05
 1.99773e+04, 1.20142e-04,  8 , 1.29268e-08, 8.11172e-09 , 1.76630e+00, -5.04388e-01, 7.74396e+05, 7.73392e+05
 1.73712e+04, 1.21443e-04,  9 , 1.30668e-08, 9.92841e-09 , 1.97410e+00,  5.64712e-02, 7.64171e+05, 7.64284e+05
 1.51051e+04, 1.14026e-04, 10 , 1.22688e-08, 1.16991e-08 , 2.18190e+00,  6.00479e-01, 7.54368e+05, 7.55564e+05
 1.31346e+04, 9.18077e-05, 11 , 9.87817e-09, 1.32470e-08 , 2.38970e+00, -6.72536e-01, 7.48500e+05, 7.47161e+05
 1.14212e+04, 5.64218e-05, 12 , 6.07077e-09, 1.43617e-08 , 2.59750e+00,  1.49114e+00, 7.36052e+05, 7.39022e+05
 9.93131e+03, 7.71930e-06, 13 , 8.30568e-10, 1.48440e-08 , 2.80530e+00,  1.16752e+00, 7.28783e+05, 7.31108e+05
 8.63576e+03, 0.00000e+00, 14 , 0.00000e+00, 1.45184e-08 , 3.01310e+00,  3.96141e-01, 7.22604e+05, 7.23393e+05
 7.50921e+03, 0.00000e+00, 15 , 0.00000e+00, 1.32828e-08 , 3.22090e+00, -2.64643e-01, 7.16380e+05, 7.15853e+05
 6.52963e+03, 0.00000e+00, 16 , 0.00000e+00, 1.11193e-08 , 3.42870e+00, -2.98728e-01, 7.09067e+05, 7.08472e+05
 5.67783e+03, 0.00000e+00, 17 , 0.00000e+00, 8.11106e-09 , 3.53260e+00,  2.31018e-01, 7.04376e+05, 7.04837e+05
 4.93715e+03, 0.00000e+00, 18 , 0.00000e+00, 4.46298e-09 , 3.74040e+00,  3.60122e-01, 6.96952e+05, 6.97669e+05
 4.29309e+03, 0.00000e+00, 19 , 0.00000e+00, 4.37671e-10 , 3.94820e+00, -9.85959e-01, 6.92595e+05, 6.90632e+05
 3.73306e+03, 0.00000e+00, 20 , 0.00000e+00, 0.00000e+00 , 4.15600e+00,  7.32430e-02, 6.83571e+05, 6.83716e+05
 3.24607e+03, 0.00000e+00, 21 , 0.00000e+00, 0.00000e+00 , 4.36380e+00, -6.85020e-01, 6.78280e+05, 6.76916e+05
 2.82262e+03, 0.00000e+00, 22 , 0.00000e+00, 0.00000e+00 , 4.57160e+00,  6.43234e-01, 6.68944e+05, 6.70225e+05
 2.45441e+03, 0.00000e+00, 23 , 0.00000e+00, 0.00000e+00 , 4.77940e+00, -8.55880e-01, 6.65343e+05, 6.63639e+05
 2.13423e+03, 0.00000e+00, 24 , 0.00000e+00, 0.00000e+00 , 4.98720e+00, -4.06975e-01, 6.57963e+05, 6.57153e+05
 1.85581e+03, 0.00000e+00, 25 , 0.00000e+00, 0.00000e+00 , 5.19500e+00, -1.00342e+00, 6.52762e+05, 6.50764e+05
 1.61372e+03, 0.00000e+00, 26 , 0.00000e+00, 0.00000e+00 , 5.40280e+00, -2.93706e+00, 6.50317e+05, 6.44468e+05
 1.40321e+03, 0.00000e+00, 27 , 0.00000e+00, 0.00000e+00 , 5.61060e+00,  8.67574e-01, 6.36535e+05, 6.38263e+05
 1.22016e+03, 0.00000e+00, 28 , 0.00000e+00, 0.00000e+00 , 5.81840e+00,  4.74665e-01, 6.31200e+05, 6.32146e+05
 1.06099e+03, 0.00000e+00, 29 , 0.00000e+00, 0.00000e+00 , 6.02620e+00, -4.78050e-01, 6.27066e+05, 6.26114e+05
 9.22581e+02, 0.00000e+00, 30 , 0.00000e+00, 0.00000e+00 , 6.23400e+00,  2.63134e-01, 6.19641e+05, 6.20165e+05
 8.02229e+02, 0.00000e+00, 31 , 0.00000e+00, 0.00000e+00 , 6.44180e+00, -2.05796e+00, 6.18397e+05, 6.14298e+05
 6.97578e+02, 0.00000e+00, 32 , 0.00000e+00, 0.00000e+00 , 6.64960e+00,  1.41944e-02, 6.08483e+05, 6.08511e+05
 6.06578e+02, 0.00000e+00, 33 , 0.00000e+00, 0.00000e+00 , 6.85740e+00,  5.40344e-01, 6.01725e+05, 6.02801e+05
 5.27449e+02, 0.00000e+00, 34 , 0.00000e+00, 0.00000e+00 , 7.06520e+00,  1.23868e+00, 5.94701e+05, 5.97168e+05
 4.58643e+02, 0.00000e+00, 35 , 0.00000e+00, 0.00000e+00 , 7.27300e+00, -1.12867e+00, 5.93856e+05, 5.91609e+05
 3.98812e+02, 0.00000e+00, 36 , 0.00000e+00, 0.00000e+00 , 7.48080e+00, -9.14272e-01, 5.87944e+05, 5.86123e+05
 3.46787e+02, 1.06000e+03, 37 , 1.14052e-01, 7.97107e-03 , 7.68860e+00,  2.73802e-01, 5.80164e+05, 5.80709e+05
 3.01548e+02, 9.03636e+03, 38 , 9.72278e-01, 8.38951e-02 , 7.89640e+00,  1.11773e+00, 5.73139e+05, 5.75365e+05
 2.62211e+02, 2.57116e+04, 39 , 2.76647e+00, 3.45198e-01 , 8.10420e+00,  1.43430e-01, 5.69805e+05, 5.70091e+05
 2.28005e+02, 4.99572e+04, 40 , 5.37520e+00, 9.14222e-01 , 8.31200e+00, -2.83270e-01, 5.65448e+05, 5.64884e+05
 1.98262e+02, 7.55711e+04, 41 , 8.13116e+00, 1.85819e+00 , 8.62370e+00, -1.15395e+00, 5.58824e+05, 5.57199e+05
 1.72398e+02, 9.70989e+04, 42 , 1.04475e+01, 3.15665e+00 , 9.03930e+00,  1.53381e+00, 5.45020e+05, 5.47180e+05
 1.49909e+02, 1.12567e+05, 43 , 1.21118e+01, 4.73333e+00 , 9.55880e+00,  5.40894e-01, 5.34388e+05, 5.35010e+05
 1.30353e+02, 1.22321e+05, 44 , 1.31612e+01, 6.49967e+00 , 1.00783e+01,  3.33852e-01, 5.22747e+05, 5.23218e+05
 1.13348e+02, 1.27554e+05, 45 , 1.37243e+01, 8.37871e+00 , 1.04939e+01,  6.24699e-01, 5.13167e+05, 5.14047e+05
 9.85618e+01, 1.30135e+05, 46 , 1.40020e+01, 1.03165e+01 , 1.10134e+01,  9.30198e-01, 5.01830e+05, 5.02900e+05
 8.57043e+01, 1.31806e+05, 47 , 1.41818e+01, 1.22863e+01 , 1.16368e+01,  5.89798e-01, 4.89294e+05, 4.89972e+05
 7.45241e+01, 1.33321e+05, 48 , 1.43448e+01, 1.42800e+01 , 1.22602e+01,  5.53836e-01, 4.76875e+05, 4.77512e+05
 6.48024e+01, 1.34323e+05, 49 , 1.44526e+01, 1.62927e+01 , 1.28836e+01,  8.43605e-01, 4.64531e+05, 4.65501e+05
 5.63488e+01, 1.34200e+05, 50 , 1.44394e+01, 1.83120e+01 , 1.35070e+01,  5.01762e-01, 4.53343e+05, 4.53920e+05
 4.89981e+01, 1.31568e+05, 51 , 1.41562e+01, 2.03105e+01 , 1.42343e+01, -2.98515e-01, 4.41224e+05, 4.40927e+05
 4.26062e+01, 1.22535e+05, 52 , 1.31844e+01, 2.22214e+01 , 1.49616e+01,  7.27790e-01, 4.27632e+05, 4.28468e+05
 3.70482e+01, 1.00180e+05, 53 , 1.07790e+01, 2.38962e+01 , 1.56889e+01, -2.67430e-01, 4.16784e+05, 4.16518e+05
 3.22152e+01, 5.25205e+04, 54 , 5.65101e+00, 2.50445e+01 , 1.65201e+01, -9.33014e-01, 4.04381e+05, 4.03452e+05
 2.80127e+01, 7.82818e+04, 55 , 8.42282e+00, 2.60281e+01 , 1.73513e+01, -1.07549e+00, 3.92055e+05, 3.90984e+05
 2.43584e+01, 2.28150e+05, 56 , 2.45481e+01, 2.83324e+01 , 1.82864e+01, -1.71852e+00, 3.79165e+05, 3.77634e+05
 2.11808e+01, 4.99853e+05, 57 , 5.37823e+01, 3.38070e+01 , 1.92215e+01, -7.58092e-01, 3.65714e+05, 3.64959e+05
 1.84178e+01, 8.58773e+05, 58 , 9.24007e+01, 4.40238e+01 , 2.01566e+01, -4.06265e-01, 3.53282e+05, 3.52920e+05
 1.60151e+01, 9.94685e+05, 59 , 1.07024e+02, 5.79617e+01 , 2.11956e+01, -3.53789e-01, 3.40558e+05, 3.40243e+05
 1.39260e+01, 8.20742e+05, 60 , 8.83088e+01, 7.16136e+01 , 2.23385e+01,  3.59283e-01, 3.26803e+05, 3.27095e+05
 1.21093e+01, 4.81742e+05, 61 , 5.18337e+01, 8.14082e+01 , 2.34814e+01,  1.63373e+00, 3.13271e+05, 3.14726e+05
 1.05296e+01, 2.28659e+05, 62 , 2.46029e+01, 8.67503e+01 , 2.46243e+01,  2.58114e+00, 3.00981e+05, 3.03080e+05
 9.15603e+00, 7.11980e+04, 63 , 7.66064e+00, 8.90052e+01 , 2.58711e+01,  4.74562e-01, 2.90756e+05, 2.91142e+05
 7.96161e+00, 5.36096e+03, 64 , 5.76819e-01, 8.95810e+01 , 2.72218e+01, -2.93404e-01, 2.79266e+05, 2.79045e+05
 6.92301e+00, 0.00000e+00, 65 , 0.00000e+00, 8.96213e+01 , 2.86764e+01, -1.58738e+00, 2.68107e+05, 2.66913e+05
 6.01990e+00, 0.00000e+00, 66 , 0.00000e+00, 8.96213e+01 , 3.01310e+01, -1.00882e+00, 2.56390e+05, 2.55630e+05
 5.23460e+00, 1.14675e+03, 67 , 1.23386e-01, 8.96299e+01 , 3.16895e+01, -2.31692e+00, 2.46036e+05, 2.44405e+05
 4.55174e+00, 2.45490e+03, 68 , 2.64138e-01, 8.96570e+01 , 3.33519e+01, -2.69335e-01, 2.33516e+05, 2.33326e+05
 3.95796e+00, 3.81421e+03, 69 , 4.10395e-01, 8.97041e+01 , 3.50143e+01,  1.79745e-02, 2.23074e+05, 2.23087e+05
 3.44164e+00, 5.24584e+03, 70 , 5.64433e-01, 8.97723e+01 , 3.67806e+01,  1.72084e+00, 2.11897e+05, 2.13039e+05
 2.99267e+00, 6.78092e+03, 71 , 7.29601e-01, 8.98627e+01 , 3.86508e+01,  1.51946e+00, 2.02235e+05, 2.03243e+05
 2.60227e+00, 8.46279e+03, 72 , 9.10564e-01, 8.99773e+01 , 4.06249e+01, -2.77442e-02, 1.93766e+05, 1.93748e+05
 2.26281e+00, 1.03576e+04, 73 , 1.11444e+00, 9.01189e+01 , 4.27029e+01, -1.04961e+00, 1.85252e+05, 1.84591e+05
 1.96762e+00, 1.25662e+04, 74 , 1.35207e+00, 9.02913e+01 , 4.48848e+01, -1.18367e+00, 1.76510e+05, 1.75800e+05
 1.71094e+00, 1.52168e+04, 75 , 1.63727e+00, 9.05002e+01 , 4.71706e+01,  6.03698e-01, 1.67029e+05, 1.67391e+05
 1.48775e+00, 1.84263e+04, 76 , 1.98261e+00, 9.07532e+01 , 4.95603e+01,  1.56197e+00, 1.58478e+05, 1.59376e+05
 1.29367e+00, 2.22541e+04, 77 , 2.39446e+00, 9.10591e+01 , 5.21578e+01,  1.06222e+00, 1.50866e+05, 1.51453e+05
 1.12491e+00, 2.66551e+04, 78 , 2.86799e+00, 9.14269e+01 , 5.48592e+01, -1.13751e+00, 1.44605e+05, 1.43977e+05
 9.78163e-01, 3.14049e+04, 79 , 3.37905e+00, 9.18635e+01 , 5.76645e+01, -9.08566e-01, 1.37413e+05, 1.36930e+05
 8.50561e-01, 3.61394e+04, 80 , 3.88846e+00, 9.23714e+01 , 6.05737e+01,  2.42046e+00, 1.29005e+05, 1.30293e+05
 7.39604e-01, 4.04926e+04, 81 , 4.35686e+00, 9.29477e+01 , 6.36907e+01,  1.84472e-02, 1.23829e+05, 1.23839e+05
 6.43122e-01, 4.42405e+04, 82 , 4.76011e+00, 9.35849e+01 , 6.70155e+01, -1.22183e+00, 1.18208e+05, 1.17600e+05
 5.59226e-01, 4.73259e+04, 83 , 5.09209e+00, 9.42734e+01 , 7.04442e+01,  3.73327e-02, 1.11749e+05, 1.11767e+05
 4.86274e-01, 4.96900e+04, 84 , 5.34646e+00, 9.50030e+01 , 7.40807e+01,  1.47107e+00, 1.05462e+05, 1.06152e+05
 4.22839e-01, 5.10901e+04, 85 , 5.49710e+00, 9.57609e+01 , 7.78211e+01, -1.25081e+00, 1.01490e+05, 1.00903e+05
 3.67679e-01, 5.10839e+04, 86 , 5.49644e+00, 9.65292e+01 , 8.17693e+01, -3.43588e-01, 9.60115e+04, 9.58585e+04
 3.19715e-01, 4.91972e+04, 87 , 5.29343e+00, 9.72833e+01 , 8.60292e+01,  1.46239e+00, 9.02689e+04, 9.09043e+04
 2.78008e-01, 4.50833e+04, 88 , 4.85080e+00, 9.79923e+01 , 9.03930e+01, -1.23994e+00, 8.68181e+04, 8.62793e+04
 2.41742e-01, 3.86032e+04, 89 , 4.15356e+00, 9.86216e+01 , 9.49646e+01, -1.90583e+00, 8.26436e+04, 8.18522e+04
 2.10206e-01, 3.00330e+04, 90 , 3.23144e+00, 9.91378e+01 , 9.98479e+01,  2.69647e+00, 7.64327e+04, 7.75288e+04
 1.82785e-01, 2.07266e+04, 91 , 2.23010e+00, 9.95195e+01 , 1.04939e+02, -2.63284e+00, 7.44530e+04, 7.34044e+04
 1.58940e-01, 1.24244e+04, 92 , 1.33682e+00, 9.97688e+01 , 1.10342e+02,  1.00952e+00, 6.90088e+04, 6.93957e+04
 1.38206e-01, 6.26265e+03, 93 , 6.73838e-01, 9.99093e+01 , 1.16056e+02, -1.31372e+00, 6.60059e+04, 6.55115e+04
 1.20177e-01, 2.37513e+03, 94 , 2.55555e-01, 9.99742e+01 , 1.21979e+02,  1.88782e+00, 6.11222e+04, 6.18203e+04
 1.04500e-01, 5.06147e+02, 95 , 5.44595e-02, 9.99959e+01 , 1.28213e+02, -1.71695e+00, 5.88682e+04, 5.82541e+04
 9.08677e-02, 1.93190e+01, 96 , 2.07865e-03, 9.99999e+01 , 1.34758e+02,  1.44906e+00, 5.43070e+04, 5.48171e+04
 7.90139e-02, 0.00000e+00, 97 , 0.00000e+00, 1.00000e+02 , 1.41616e+02, -2.04590e+00, 5.22108e+04, 5.15121e+04
 6.87065e-02, 0.00000e+00, 98 , 0.00000e+00, 1.00000e+02 , 1.48889e+02,  1.39350e+00, 4.78345e+04, 4.82970e+04
 5.97436e-02, 0.00000e+00, 99 , 0.00000e+00, 1.00000e+02 , 1.56577e+02, -1.40058e+00, 4.56363e+04, 4.51838e+04
 5.19500e-02, 0.00000e+00,100 , 0.00000e+00, 1.00000e+02 , 1.64578e+02,  6.71354e-01, 4.20050e+04, 4.22191e+04
            ,    ,            ,            ,             , 1.72994e+02,  2.76778e+00, 3.85167e+04, 3.93672e+04
            ,    ,            ,            ,             , 1.81929e+02, -1.37512e+00, 3.70165e+04, 3.66037e+04
            ,    ,            ,            ,             , 1.91280e+02, -6.17487e-01, 3.41507e+04, 3.39694e+04
            ,    ,            ,            ,             , 2.01046e+02, -1.37262e-01, 3.15061e+04, 3.14667e+04
            ,    ,            ,            ,             , 2.11333e+02,  5.94885e-01, 2.89075e+04, 2.90734e+04
            ,    ,            ,            ,             , 2.22138e+02,  5.18174e-01, 2.66541e+04, 2.67958e+04
            ,    ,            ,            ,             , 2.33567e+02,  3.49593e-01, 2.45270e+04, 2.46192e+04
            ,    ,            ,            ,             , 2.45620e+02, -5.67914e-01, 2.26987e+04, 2.25514e+04
            ,    ,            ,            ,             , 2.58192e+02,  3.11869e-01, 2.05341e+04, 2.06130e+04
            ,    ,            ,            ,             , 2.71387e+02, -7.79702e-01, 1.89811e+04, 1.87885e+04
            ,    ,            ,            ,             , 2.85206e+02, -3.35070e-01, 1.71604e+04, 1.70795e+04
            ,    ,            ,            ,             , 2.99751e+02,  1.05585e+00, 1.52271e+04, 1.54749e+04
            ,    ,            ,            ,             , 3.15129e+02, -5.21730e-01, 1.40864e+04, 1.39673e+04
            ,    ,            ,            ,             , 3.31337e+02,  1.01223e+00, 1.23346e+04, 1.25600e+04
            ,    ,            ,            ,             , 3.48377e+02, -1.02115e+00, 1.14763e+04, 1.12544e+04
            ,    ,            ,            ,             , 3.66248e+02,  8.69804e-01, 9.86541e+03, 1.00501e+04
            ,    ,            ,            ,             , 3.84950e+02, -7.00690e-01, 9.09049e+03, 8.94501e+03
            ,    ,            ,            ,             , 4.04691e+02, -2.11712e-01, 7.96869e+03, 7.92610e+03
            ,    ,            ,            ,             , 4.25471e+02,  3.11317e-01, 6.93180e+03, 6.99319e+03
            ,    ,            ,            ,             , 4.47186e+02, -1.85614e-01, 6.18409e+03, 6.14836e+03
            ,    ,            ,            ,             , 4.70044e+02, -3.32797e-01, 5.44303e+03, 5.38069e+03
            ,    ,            ,            ,             , 4.94148e+02,  9.60434e-02, 4.66761e+03, 4.68514e+03
            ,    ,            ,            ,             , 5.19500e+02, -5.03981e-01, 4.14944e+03, 4.05967e+03
            ,    ,            ,            ,             , 5.46098e+02,  1.75109e-01, 3.47070e+03, 3.50117e+03
            ,    ,            ,            ,             , 5.74047e+02, -1.67270e-01, 3.03242e+03, 3.00406e+03
            ,    ,            ,            ,             , 6.03555e+02,  2.96710e-01, 2.51304e+03, 2.56194e+03
            ,    ,            ,            ,             , 6.34517e+02,  4.68212e-01, 2.09767e+03, 2.17329e+03
            ,    ,            ,            ,             , 6.66934e+02, -1.00597e+00, 1.99251e+03, 1.83413e+03
            ,    ,            ,            ,             , 7.01117e+02,  2.84743e-02, 1.53337e+03, 1.53773e+03
            ,    ,            ,            ,             , 7.37067e+02,  2.05185e-01, 1.25032e+03, 1.28103e+03
            ,    ,            ,            ,             , 7.74886e+02, -4.66970e-01, 1.12807e+03, 1.06006e+03
            ,    ,            ,            ,             , 8.14576e+02,  9.46107e-01, 7.36618e+02, 8.71538e+02
            ,    ,            ,            ,             , 8.56240e+02, -1.79278e-01, 7.36562e+02, 7.11688e+02
            ,    ,            ,            ,             , 9.00190e+02,  1.32435e+00, 3.97450e+02, 5.76480e+02
            ,    ,            ,            ,             , 9.46321e+02, -1.35596e+00, 6.42766e+02, 4.63545e+02
            ,    ,            ,            ,             , 9.94739e+02,  8.24022e-01, 2.63766e+02, 3.69909e+02
            ,    ,            ,            ,             , 1.04575e+03,  8.76934e-01, 1.82591e+02, 2.92598e+02
            ,    ,            ,            ,             , 1.09937e+03, -1.10374e+00, 3.64749e+02, 2.29474e+02
            ,    ,            ,            ,             , 1.15568e+03,  2.18056e+00,-8.20375e+01, 1.78397e+02
            ,    ,            ,            ,             , 1.21490e+03, -1.51839e-02, 1.39156e+02, 1.37387e+02
            ,    ,            ,            ,             , 1.27714e+03,  1.97034e-01, 8.23975e+01, 1.04791e+02
            ,    ,            ,            ,             , 1.34260e+03, -1.85110e+00, 2.84222e+02, 7.91143e+01
            ,    ,            ,            ,             , 1.41138e+03,  1.03962e-01, 4.78667e+01, 5.91109e+01
            ,    ,            ,            ,             , 1.48369e+03, -2.16484e-01, 6.64987e+01, 4.36824e+01
            ,    ,            ,            ,             , 1.55975e+03, -3.09363e-02, 3.50914e+01, 3.19101e+01
            ,    ,            ,            ,             , 1.63965e+03, -4.93532e-01, 7.25529e+01, 2.30398e+01
            ,    ,            ,            ,             , 1.72360e+03, -2.36960e-01, 3.96247e+01, 1.64332e+01
            ,    ,            ,            ,             , 1.81191e+03,  2.58150e-01,-1.30516e+01, 1.15680e+01
            ,    ,            ,            ,             , 1.90480e+03,  2.84530e-01,-1.84429e+01, 8.03295e+00
            ,    ,            ,            ,             , 2.00236e+03,  8.17931e-01,-6.87651e+01, 5.50222e+00
            ,    ,            ,            ,             , 2.10491e+03, -5.58480e-01, 5.31551e+01, 3.71423e+00
            ,    ,            ,            ,             , 2.21276e+03, -4.18574e-01, 3.86074e+01, 2.46889e+00
            ,    ,            ,            ,             , 2.32622e+03, -8.56281e-01, 7.36716e+01, 1.61466e+00
            ,    ,            ,            ,             , 2.44549e+03, -2.41455e-01, 2.08676e+01, 1.03856e+00
            ,    ,            ,            ,             , 2.57080e+03, -2.26188e-01, 1.87755e+01, 6.56715e-01
            ,    ,            ,            ,             , 2.70244e+03, -2.27007e-01, 1.81527e+01, 4.07920e-01
            ,    ,            ,            ,             , 2.84083e+03, -2.06024e-01, 1.59472e+01, 2.48620e-01
            ,    ,            ,            ,             , 2.98650e+03,  2.58431e-01,-1.90442e+01, 1.48464e-01
            ,    ,            ,            ,             , 3.13955e+03,  9.50804e-01,-6.88671e+01, 8.68629e-02
            ,    ,            ,            ,             , 3.30038e+03,  7.11375e-01,-5.02241e+01, 4.97396e-02
            ,    ,            ,            ,             , 3.46953e+03, -1.35397e+00, 9.33917e+01, 2.78357e-02
            ,    ,            ,            ,             , 3.64731e+03,  1.05261e+00,-7.07662e+01, 1.52134e-02
            ,    ,            ,            ,             , 3.83422e+03,  5.22134e-01,-3.42348e+01, 8.10907e-03
            ,    ,            ,            ,             , 4.03070e+03,  1.23420e-01,-7.89123e+00, 4.21147e-03
            ,    ,            ,            ,             , 4.23715e+03,  1.32877e+00,-8.29311e+01, 2.12990e-03
            ,    ,            ,            ,             , 4.45419e+03,  2.44082e+00,-1.48522e+02, 1.04871e-03
            ,    ,            ,            ,             , 4.68246e+03,  4.25877e-02,-2.52686e+00, 5.04147e-04
            ,    ,            ,            ,             , 4.92237e+03,  3.81660e-01,-2.20970e+01, 2.39480e-04
            ,    ,            ,            ,             , 5.17464e+03, -7.39631e-01, 4.17431e+01, 1.16071e-04
            ,    ,            ,            ,             , 5.43979e+03,  3.69894e-01,-2.03747e+01, 6.17503e-05
            ,    ,            ,            ,             , 5.71845e+03, -3.61231e-01, 1.93994e+01, 4.00016e-05
            ,    ,            ,            ,             , 6.01145e+03,  3.63533e-01,-1.90442e+01, 3.29963e-05
            ,    ,            ,            ,             , 6.31951e+03, -1.21395e+00, 6.20058e+01, 3.23424e-05
            ,    ,            ,            ,             , 6.64337e+03, -2.77645e-01, 1.38354e+01, 3.42251e-05

