   T   ,  Sig_Np, Rate# ,   Pct_Np,      CumPct,        SigT,      E:SNR0432 ,   Sig,        SigCalc,    Range ,  Zero   
 4.00000e+04, 0.00000e+00,  1 , 0.00000e+00, 0.00000e+00 , 1.10025e-01, -1.40139e+00, 1.84411e+06, 1.83814e+06,  .11003,      0
 3.46252e+04, 0.00000e+00,  2 , 0.00000e+00, 0.00000e+00 , 1.32086e-01,  1.05726e-02, 1.83740e+06, 1.83745e+06,  10000,    0
 2.99726e+04, 0.00000e+00,  3 , 0.00000e+00, 0.00000e+00 , 1.58571e-01,  5.47681e-01, 1.83428e+06, 1.83661e+06
 2.59452e+04, 0.00000e+00,  4 , 0.00000e+00, 0.00000e+00 , 1.90365e-01,  3.56981e-01, 1.83409e+06, 1.83561e+06
 2.24589e+04, 0.00000e+00,  5 , 0.00000e+00, 0.00000e+00 , 2.28535e-01, -4.29540e-01, 1.83624e+06, 1.83441e+06
 1.94411e+04, 0.00000e+00,  6 , 0.00000e+00, 0.00000e+00 , 2.74358e-01,  1.15827e+00, 1.82803e+06, 1.83296e+06
 1.68288e+04, 0.00000e+00,  7 , 0.00000e+00, 0.00000e+00 , 3.29370e-01,  2.34482e+00, 1.82125e+06, 1.83123e+06
 1.45675e+04, 0.00000e+00,  8 , 0.00000e+00, 0.00000e+00 , 3.95411e-01,  3.31075e+00, 1.81506e+06, 1.82916e+06
 1.26101e+04, 0.00000e+00,  9 , 0.00000e+00, 0.00000e+00 , 4.74694e-01,  3.97086e+00, 1.80976e+06, 1.82667e+06
 1.09156e+04, 0.00000e+00, 10 , 0.00000e+00, 0.00000e+00 , 5.69874e-01,  4.08794e+00, 1.80628e+06, 1.82369e+06
 9.44890e+03, 0.00000e+00, 11 , 0.00000e+00, 0.00000e+00 , 6.84138e-01,  3.76354e+00, 1.80409e+06, 1.82012e+06
 8.17925e+03, 0.00000e+00, 12 , 0.00000e+00, 0.00000e+00 , 8.21313e-01,  2.80464e+00, 1.80390e+06, 1.81585e+06
 7.08020e+03, 0.00000e+00, 13 , 0.00000e+00, 0.00000e+00 , 9.85993e-01,  2.31087e+00, 1.80089e+06, 1.81073e+06
 6.12883e+03, 0.00000e+00, 14 , 0.00000e+00, 0.00000e+00 , 1.18369e+00,  5.30071e-01, 1.80235e+06, 1.80461e+06
 5.30530e+03, 0.00000e+00, 15 , 0.00000e+00, 0.00000e+00 , 1.42103e+00, -9.27328e-01, 1.80124e+06, 1.79729e+06
 4.59242e+03, 0.00000e+00, 16 , 0.00000e+00, 0.00000e+00 , 1.70596e+00, -2.54683e+00, 1.79939e+06, 1.78854e+06
 3.97534e+03, 0.00000e+00, 17 , 0.00000e+00, 0.00000e+00 , 1.86141e+00, -4.07000e+00, 1.80113e+06, 1.78380e+06
 3.44117e+03, 0.00000e+00, 18 , 0.00000e+00, 0.00000e+00 , 2.23463e+00, -1.72105e+00, 1.77978e+06, 1.77245e+06
 2.97878e+03, 1.06222e-04, 19 , 5.76559e-09, 0.00000e+00 , 2.68270e+00, -3.84211e-01, 1.76058e+06, 1.75895e+06
 2.57852e+03, 2.45379e-04, 20 , 1.33189e-08, 0.00000e+00 , 3.22060e+00, -1.80179e+00, 1.75056e+06, 1.74289e+06
 2.23204e+03, 3.64186e-04, 21 , 1.97676e-08, 0.00000e+00 , 3.86635e+00, -3.35789e+00, 1.73813e+06, 1.72383e+06
 1.93212e+03, 4.51896e-04, 22 , 2.45284e-08, 0.00000e+00 , 4.64159e+00, -3.89604e+00, 1.71786e+06, 1.70126e+06
 1.67250e+03, 4.93751e-04, 23 , 2.68002e-08, 0.00000e+00 , 5.57226e+00, -4.07139e+00, 1.69196e+06, 1.67462e+06
 1.44777e+03, 4.70750e-04, 24 , 2.55518e-08, 0.00000e+00 , 6.68955e+00, -1.96140e+00, 1.65162e+06, 1.64327e+06
 1.25323e+03, 4.13255e-04, 25 , 2.24310e-08, 0.00000e+00 , 8.03086e+00, -2.90615e+00, 1.61890e+06, 1.60652e+06
 1.08483e+03, 3.55760e-04, 26 , 1.93102e-08, 0.00000e+00 , 9.64111e+00, -1.75596e+00, 1.57113e+06, 1.56365e+06
 9.39064e+02, 2.98264e-04, 27 , 1.61894e-08, 0.00000e+00 , 1.15742e+01, -1.39484e+00, 1.51987e+06, 1.51393e+06
 8.12882e+02, 1.17622e-04, 28 , 6.38440e-09, 0.00000e+00 , 1.38950e+01,  5.13937e-01, 1.45446e+06, 1.45664e+06
 7.03654e+02, 1.97772e+00, 29 , 1.07348e-04, 7.70909e-06 , 1.66810e+01,  8.66586e-01, 1.38749e+06, 1.39118e+06
 6.09104e+02, 4.22115e+02, 30 , 2.29119e-02, 1.66853e-03 , 2.00257e+01,  2.41890e+00, 1.30678e+06, 1.31708e+06
 5.27259e+02, 4.19767e+03, 31 , 2.27845e-01, 1.97604e-02 , 2.40410e+01,  1.21905e+00, 1.22899e+06, 1.23418e+06
 4.56411e+02, 1.58855e+04, 32 , 8.62245e-01, 9.84093e-02 , 2.88614e+01,  3.71821e-01, 1.14109e+06, 1.14268e+06
 3.95083e+02, 3.93393e+04, 33 , 2.13529e+00, 3.14679e-01 , 3.46483e+01,  1.43433e+00, 1.03719e+06, 1.04330e+06
 3.41995e+02, 7.64503e+04, 34 , 4.14963e+00, 7.68130e-01 , 4.15956e+01,  5.17770e-01, 9.35198e+05, 9.37403e+05
 2.96041e+02, 1.27846e+05, 35 , 6.93933e+00, 1.56819e+00 , 4.99359e+01,  8.81134e-01, 8.23293e+05, 8.27046e+05
 2.56262e+02, 1.90830e+05, 36 , 1.03580e+01, 2.81618e+00 , 5.99484e+01,  3.91018e-01, 7.13312e+05, 7.14977e+05
 2.21828e+02, 2.58164e+05, 37 , 1.40128e+01, 4.57451e+00 , 7.19686e+01,  5.07212e-01, 6.02344e+05, 6.04505e+05
 1.92021e+02, 3.22239e+05, 38 , 1.74908e+01, 6.84747e+00 , 8.63988e+01,  2.74846e-01, 4.98033e+05, 4.99204e+05
 1.66219e+02, 3.78986e+05, 39 , 2.05709e+01, 9.59358e+00 , 1.03723e+02, -5.91429e-01, 4.05004e+05, 4.02485e+05
 1.43884e+02, 4.29343e+05, 40 , 2.33042e+01, 1.27591e+01 , 1.24520e+02, -7.14038e-01, 3.20120e+05, 3.17079e+05
 1.24550e+02, 4.75000e+05, 41 , 2.57824e+01, 1.63007e+01 , 1.49487e+02, -8.48134e-01, 2.48197e+05, 2.44585e+05
 1.07814e+02, 5.10353e+05, 42 , 2.77014e+01, 2.01595e+01 , 1.79460e+02, -1.23288e+00, 1.90487e+05, 1.85236e+05
 9.33274e+01, 5.14830e+05, 43 , 2.79444e+01, 2.41743e+01 , 2.15443e+02,  3.92471e-01, 1.36356e+05, 1.38028e+05
 8.07869e+01, 4.50623e+05, 44 , 2.44593e+01, 2.79552e+01 , 2.58642e+02,  4.72642e-01, 9.91454e+04, 1.01158e+05
 6.99316e+01, 2.57944e+05, 45 , 1.40009e+01, 3.07300e+01 , 3.10501e+02, -2.36829e-02, 7.27334e+04, 7.26326e+04
 6.05348e+01, 0.00000e+00, 46 , 0.00000e+00, 3.17402e+01 , 3.72759e+02,  3.39069e-01, 4.92793e+04, 5.07234e+04
 5.24008e+01, 1.98452e+06, 47 , 1.07718e+02, 3.95119e+01 , 4.47501e+02,  4.42281e-01, 3.22561e+04, 3.41398e+04
 4.53597e+01, 6.73061e+06, 48 , 3.65330e+02, 7.36418e+01 , 5.37228e+02,  1.35714e-01, 2.13493e+04, 2.19273e+04
 3.92647e+01, 0.00000e+00, 49 , 0.00000e+00, 1.00000e+02 , 6.44947e+02,  1.85006e-01, 1.25008e+04, 1.32888e+04
 3.39887e+01, 0.00000e+00, 50 , 0.00000e+00, 1.00000e+02 , 7.74264e+02,  3.19730e-01, 6.11519e+03, 7.47695e+03
 2.94216e+01, 0.00000e+00, 51 , 0.00000e+00, 1.00000e+02 , 9.29510e+02, -7.53840e-01, 6.99663e+03, 3.78598e+03
 2.54682e+01, 0.00000e+00, 52 , 0.00000e+00, 1.00000e+02 , 1.11588e+03,  2.77046e-01, 4.09024e+02, 1.58898e+03
 2.20460e+01, 0.00000e+00, 53 , 0.00000e+00, 1.00000e+02 , 1.33963e+03,  4.64378e-02, 1.75307e+02, 3.73089e+02
 1.90837e+01, 0.00000e+00, 54 , 0.00000e+00, 1.00000e+02 , 1.60823e+03,  2.64882e-01,-1.37486e+03,-2.46713e+02
 1.65194e+01, 0.00000e+00, 55 , 0.00000e+00, 1.00000e+02 , 1.93070e+03,  4.78520e-01,-2.57258e+03,-5.34530e+02
 1.42997e+01, 0.00000e+00, 56 , 0.00000e+00, 1.00000e+02 , 2.31782e+03, -2.53207e-01, 4.23699e+02,-6.54725e+02
 1.23782e+01, 0.00000e+00, 57 , 0.00000e+00, 1.00000e+02 , 2.78256e+03,  2.11807e-01,-1.60128e+03,-6.99181e+02
 1.07150e+01, 0.00000e+00, 58 , 0.00000e+00, 1.00000e+02 , 3.34048e+03, -3.32510e-01, 7.02700e+02,-7.13482e+02
 9.27519e+00, 0.00000e+00, 59 , 0.00000e+00, 1.00000e+02 , 4.01028e+03,  5.96368e-02,-9.71395e+02,-7.17398e+02
 8.02888e+00, 0.00000e+00, 60 , 0.00000e+00, 1.00000e+02 , 4.81437e+03, -1.96756e-01, 1.19710e+02,-7.18287e+02
 6.95004e+00, 0.00000e+00, 61 , 0.00000e+00, 1.00000e+02 , 5.77969e+03,  8.14962e-02,-1.06555e+03,-7.18449e+02
 6.01616e+00, 0.00000e+00, 62 , 0.00000e+00, 1.00000e+02 , 6.93857e+03, -3.40804e-01, 7.33033e+02,-7.18472e+02
 5.20777e+00, 0.00000e+00, 63 , 0.00000e+00, 1.00000e+02 , 8.32981e+03, -3.47335e-01, 7.60848e+02,-7.18474e+02
 4.50800e+00, 0.00000e+00, 64 , 0.00000e+00, 1.00000e+02 , 1.00000e+04, -3.99033e-02,-5.48523e+02,-7.18474e+02
 3.90226e+00, 0.00000e+00, 65 , 0.00000e+00, 1.00000e+02 
 3.37791e+00, 0.00000e+00, 66 , 0.00000e+00, 1.00000e+02 
 2.92402e+00, 0.00000e+00, 67 , 0.00000e+00, 1.00000e+02 
 2.53112e+00, 0.00000e+00, 68 , 0.00000e+00, 1.00000e+02 
 2.19101e+00, 0.00000e+00, 69 , 0.00000e+00, 1.00000e+02 
 1.89660e+00, 0.00000e+00, 70 , 0.00000e+00, 1.00000e+02 
 1.64176e+00, 0.00000e+00, 71 , 0.00000e+00, 1.00000e+02 
 1.42115e+00, 0.00000e+00, 72 , 0.00000e+00, 1.00000e+02 
 1.23019e+00, 0.00000e+00, 73 , 0.00000e+00, 1.00000e+02 
 1.06489e+00, 0.00000e+00, 74 , 0.00000e+00, 1.00000e+02 
 9.21801e-01, 0.00000e+00, 75 , 0.00000e+00, 1.00000e+02 
 7.97938e-01, 0.00000e+00, 76 , 0.00000e+00, 1.00000e+02 
 6.90719e-01, 0.00000e+00, 77 , 0.00000e+00, 1.00000e+02 
 5.97907e-01, 0.00000e+00, 78 , 0.00000e+00, 1.00000e+02 
 5.17566e-01, 0.00000e+00, 79 , 0.00000e+00, 1.00000e+02 
 4.48020e-01, 0.00000e+00, 80 , 0.00000e+00, 1.00000e+02 
 3.87820e-01, 0.00000e+00, 81 , 0.00000e+00, 1.00000e+02 
 3.35708e-01, 0.00000e+00, 82 , 0.00000e+00, 1.00000e+02 
 2.90599e-01, 0.00000e+00, 83 , 0.00000e+00, 1.00000e+02 
 2.51551e-01, 0.00000e+00, 84 , 0.00000e+00, 1.00000e+02 
 2.17750e-01, 0.00000e+00, 85 , 0.00000e+00, 1.00000e+02 
 1.88491e-01, 0.00000e+00, 86 , 0.00000e+00, 1.00000e+02 
 1.63163e-01, 0.00000e+00, 87 , 0.00000e+00, 1.00000e+02 
 1.41239e-01, 0.00000e+00, 88 , 0.00000e+00, 1.00000e+02 
 1.22261e-01, 0.00000e+00, 89 , 0.00000e+00, 1.00000e+02 
 1.05832e-01, 0.00000e+00, 90 , 0.00000e+00, 1.00000e+02 
 9.16117e-02, 0.00000e+00, 91 , 0.00000e+00, 1.00000e+02 
 7.93018e-02, 0.00000e+00, 92 , 0.00000e+00, 1.00000e+02 
 6.86460e-02, 0.00000e+00, 93 , 0.00000e+00, 1.00000e+02 
 5.94220e-02, 0.00000e+00, 94 , 0.00000e+00, 1.00000e+02 
 5.14374e-02, 0.00000e+00, 95 , 0.00000e+00, 1.00000e+02 
 4.45258e-02, 0.00000e+00, 96 , 0.00000e+00, 1.00000e+02 
 3.85428e-02, 0.00000e+00, 97 , 0.00000e+00, 1.00000e+02 
 3.33638e-02, 0.00000e+00, 98 , 0.00000e+00, 1.00000e+02 
 2.88807e-02, 0.00000e+00, 99 , 0.00000e+00, 1.00000e+02 
 2.50000e-02, 0.00000e+00,100 , 0.00000e+00, 1.00000e+02 

